FID,Field1,lon,lat
0,1929,-65.019999999999996,-54.920000000000002
1,2073,-65.030000000000001,-54.880000000000003
2,2939,-65.099999999999994,-54.659999999999997
3,2571,-65.120000000000005,-54.659999999999997
4,3258,-65.170000000000002,-54.780000000000001
5,2570,-65.200000000000003,-54.759999999999998
6,2119,-65.420000000000002,-56.549999999999997
7,2573,-65.510000000000005,-54.659999999999997
8,3289,-65.579999999999998,-56.219999999999999
9,2414,-65.640000000000001,-55.670000000000002
10,2070,-65.780000000000001,-55.079999999999998
11,2837,-66.099999999999994,-55.460000000000001
12,2468,-66.120000000000005,-55.310000000000002
13,596,-66.159999999999997,-55.070000000000000
14,2214,-66.250000000000000,-55.159999999999997
15,2510,-66.290000000000006,-55.240000000000002
16,2135,-66.299999999999997,-55.189999999999998
17,1201,-66.310000000000002,-55.229999999999997
18,2374,-66.319999999999993,-54.990000000000002
19,1206,-66.349999999999994,-55.180000000000000
20,2465,-66.359999999999999,-55.240000000000002
21,3325,-66.359999999999999,-55.180000000000000
22,3198,-66.379999999999995,-55.369999999999997
23,3324,-66.420000000000002,-55.420000000000002
24,2192,-66.420000000000002,-55.130000000000003
25,2964,-66.459999999999994,-55.130000000000003
26,2114,-66.489999999999995,-55.109999999999999
27,3276,-66.500000000000000,-55.609999999999999
28,3326,-66.500000000000000,-55.119999999999997
29,2185,-66.500000000000000,-55.100000000000001
30,3333,-66.549999999999997,-55.100000000000001
31,1633,-66.579999999999998,-55.079999999999998
32,2965,-66.590000000000003,-55.079999999999998
33,1947,-66.620000000000005,-55.079999999999998
34,2109,-66.629999999999995,-55.109999999999999
35,2233,-66.659999999999997,-55.079999999999998
36,3213,-66.659999999999997,-55.060000000000002
37,3018,-66.680000000000007,-55.049999999999997
38,2470,-66.689999999999998,-56.079999999999998
39,2905,-66.730000000000004,-55.890000000000001
40,2424,-66.730000000000004,-55.070000000000000
41,2466,-66.750000000000000,-55.020000000000003
42,2094,-66.760000000000005,-55.960000000000001
43,2791,-66.760000000000005,-55.909999999999997
44,2174,-66.760000000000005,-55.060000000000002
45,3334,-66.769999999999996,-55.009999999999998
46,2123,-66.780000000000001,-56.530000000000001
47,2951,-66.780000000000001,-55.009999999999998
48,2464,-66.799999999999997,-55.890000000000001
49,2902,-66.799999999999997,-55.810000000000002
50,2545,-66.810000000000002,-55.920000000000002
51,2961,-66.859999999999999,-54.979999999999997
52,2194,-66.870000000000005,-55.100000000000001
53,1991,-66.870000000000005,-54.969999999999999
54,2838,-66.879999999999995,-54.960000000000001
55,2485,-66.900000000000006,-54.939999999999998
56,2164,-66.909999999999997,-54.969999999999999
57,2469,-66.909999999999997,-54.950000000000003
58,2190,-66.920000000000002,-55.149999999999999
59,2860,-66.959999999999994,-55.990000000000002
60,3264,-66.969999999999999,-54.939999999999998
61,2132,-66.989999999999995,-54.950000000000003
62,2443,-67.000000000000000,-54.950000000000003
63,2903,-67.019999999999996,-56.329999999999998
64,2215,-67.019999999999996,-54.960000000000001
65,1988,-67.030000000000001,-54.939999999999998
66,2130,-67.040000000000006,-54.950000000000003
67,2124,-67.060000000000002,-56.130000000000003
68,2564,-67.060000000000002,-54.939999999999998
69,3,-67.060000000000002,-54.810000000000002
70,2940,-67.069999999999993,-55.030000000000001
71,2263,-67.079999999999998,-55.229999999999997
72,2036,-67.140000000000001,-54.950000000000003
73,1969,-67.150000000000006,-54.960000000000001
74,2890,-67.150000000000006,-54.850000000000001
75,2888,-67.159999999999997,-54.950000000000003
76,2861,-67.170000000000002,-56.240000000000002
77,2095,-67.170000000000002,-56.020000000000003
78,3263,-67.170000000000002,-56.009999999999998
79,3278,-67.180000000000007,-55.960000000000001
80,2006,-67.180000000000007,-54.969999999999999
81,1124,-67.200000000000003,-54.969999999999999
82,2463,-67.209999999999994,-56.020000000000003
83,2941,-67.209999999999994,-55.960000000000001
84,2100,-67.219999999999999,-55.990000000000002
85,2462,-67.230000000000004,-56.240000000000002
86,2899,-67.230000000000004,-56.090000000000003
87,2101,-67.230000000000004,-55.960000000000001
88,2499,-67.230000000000004,-54.920000000000002
89,2011,-67.239999999999995,-55.939999999999998
90,2198,-67.250000000000000,-55.909999999999997
91,2565,-67.260000000000005,-55.990000000000002
92,2008,-67.260000000000005,-54.939999999999998
93,1989,-67.260000000000005,-54.930000000000000
94,2167,-67.269999999999996,-55.950000000000003
95,3194,-67.280000000000001,-55.969999999999999
96,2790,-67.290000000000006,-56.070000000000000
97,2537,-67.290000000000006,-55.579999999999998
98,2969,-67.290000000000006,-54.909999999999997
99,2003,-67.310000000000002,-54.930000000000000
100,30,-67.310000000000002,-54.909999999999997
101,962,-67.319999999999993,-54.960000000000001
102,1954,-67.329999999999998,-54.880000000000003
103,2561,-67.329999999999998,-54.869999999999997
104,1198,-67.340000000000003,-54.890000000000001
105,961,-67.349999999999994,-54.979999999999997
106,1199,-67.349999999999994,-54.939999999999998
107,2081,-67.349999999999994,-54.920000000000002
108,2047,-67.349999999999994,-54.909999999999997
109,3174,-67.349999999999994,-54.890000000000001
110,2,-67.359999999999999,-54.909999999999997
111,2007,-67.370000000000005,-55.789999999999999
112,3157,-67.370000000000005,-54.920000000000002
113,4,-67.370000000000005,-54.909999999999997
114,6,-67.370000000000005,-54.899999999999999
115,2577,-67.370000000000005,-54.880000000000003
116,2927,-67.379999999999995,-54.920000000000002
117,1,-67.379999999999995,-54.909999999999997
118,1146,-67.379999999999995,-54.899999999999999
119,191,-67.390000000000001,-54.909999999999997
120,3236,-67.390000000000001,-54.899999999999999
121,2165,-67.400000000000006,-54.920000000000002
122,284,-67.400000000000006,-54.909999999999997
123,283,-67.400000000000006,-54.899999999999999
124,1498,-67.409999999999997,-54.930000000000000
125,2004,-67.420000000000002,-54.920000000000002
126,3241,-67.420000000000002,-54.880000000000003
127,3240,-67.420000000000002,-54.869999999999997
128,2444,-67.430000000000007,-54.920000000000002
129,2769,-67.430000000000007,-54.909999999999997
130,1499,-67.430000000000007,-54.880000000000003
131,3295,-67.450000000000003,-54.920000000000002
132,1965,-67.469999999999999,-54.920000000000002
133,193,-67.480000000000004,-54.939999999999998
134,2228,-67.480000000000004,-54.850000000000001
135,2488,-67.489999999999995,-55.990000000000002
136,1972,-67.500000000000000,-54.920000000000002
137,2005,-67.519999999999996,-54.920000000000002
138,3296,-67.530000000000001,-54.920000000000002
139,2010,-67.540000000000006,-55.759999999999998
140,285,-67.540000000000006,-54.909999999999997
141,2410,-67.549999999999997,-54.909999999999997
142,567,-67.549999999999997,-54.850000000000001
143,2408,-67.560000000000002,-54.909999999999997
144,566,-67.560000000000002,-54.869999999999997
145,3016,-67.569999999999993,-54.899999999999999
146,2127,-67.569999999999993,-54.869999999999997
147,3004,-67.579999999999998,-54.920000000000002
148,3202,-67.579999999999998,-54.899999999999999
149,3036,-67.590000000000003,-54.930000000000000
150,199,-67.599999999999994,-54.930000000000000
151,90,-67.609999999999999,-54.930000000000000
152,3063,-67.609999999999999,-54.920000000000002
153,312,-67.609999999999999,-54.810000000000002
154,2012,-67.629999999999995,-55.740000000000002
155,3195,-67.640000000000001,-54.899999999999999
156,2482,-67.650000000000006,-54.899999999999999
157,2792,-67.670000000000002,-54.890000000000001
158,2148,-67.680000000000007,-54.909999999999997
159,2105,-67.700000000000003,-55.680000000000000
160,2501,-67.709999999999994,-54.909999999999997
161,2193,-67.709999999999994,-54.890000000000001
162,1976,-67.719999999999999,-54.930000000000000
163,2789,-67.719999999999999,-54.920000000000002
164,2069,-67.719999999999999,-54.899999999999999
165,2801,-67.739999999999995,-56.180000000000000
166,200,-67.739999999999995,-54.820000000000000
167,2490,-67.750000000000000,-54.890000000000001
168,1959,-67.760000000000005,-54.899999999999999
169,192,-67.760000000000005,-54.850000000000001
170,3203,-67.780000000000001,-54.890000000000001
171,2937,-67.790000000000006,-55.409999999999997
172,2102,-67.790000000000006,-54.890000000000001
173,2015,-67.819999999999993,-54.899999999999999
174,215,-67.829999999999998,-54.890000000000001
175,1962,-67.859999999999999,-54.890000000000001
176,3032,-67.859999999999999,-54.880000000000003
177,2883,-67.879999999999995,-54.890000000000001
178,2788,-67.879999999999995,-54.880000000000003
179,2926,-67.890000000000001,-54.880000000000003
180,2884,-67.900000000000006,-54.880000000000003
181,2598,-67.909999999999997,-54.880000000000003
182,2841,-67.909999999999997,-54.859999999999999
183,2603,-67.920000000000002,-55.439999999999998
184,2146,-67.930000000000007,-54.880000000000003
185,2836,-67.930000000000007,-54.859999999999999
186,3031,-67.939999999999998,-54.880000000000003
187,1213,-67.939999999999998,-54.780000000000001
188,2578,-67.950000000000003,-54.880000000000003
189,1506,-67.950000000000003,-54.869999999999997
190,2013,-67.969999999999999,-55.390000000000001
191,2409,-67.980000000000004,-54.869999999999997
192,2009,-67.989999999999995,-55.329999999999998
193,2783,-68.010000000000005,-54.869999999999997
194,1534,-68.010000000000005,-54.859999999999999
195,2558,-68.040000000000006,-54.869999999999997
196,600,-68.049999999999997,-54.899999999999999
197,3033,-68.049999999999997,-54.869999999999997
198,3273,-68.060000000000002,-54.859999999999999
199,2106,-68.069999999999993,-55.729999999999997
200,2494,-68.079999999999998,-55.189999999999998
201,1229,-68.079999999999998,-54.869999999999997
202,2495,-68.079999999999998,-54.859999999999999
203,2016,-68.090000000000003,-54.890000000000001
204,2552,-68.099999999999994,-54.869999999999997
205,2994,-68.140000000000001,-54.840000000000003
206,2538,-68.150000000000006,-55.049999999999997
207,3026,-68.150000000000006,-54.859999999999999
208,3297,-68.150000000000006,-54.840000000000003
209,2551,-68.159999999999997,-54.840000000000003
210,3178,-68.170000000000002,-54.869999999999997
211,3053,-68.170000000000002,-54.859999999999999
212,3256,-68.170000000000002,-54.850000000000001
213,1507,-68.170000000000002,-54.820000000000000
214,2055,-68.180000000000007,-54.859999999999999
215,3029,-68.180000000000007,-54.850000000000001
216,2407,-68.189999999999998,-54.850000000000001
217,3025,-68.189999999999998,-54.820000000000000
218,2556,-68.219999999999999,-54.859999999999999
219,3030,-68.219999999999999,-54.850000000000001
220,960,-68.219999999999999,-54.840000000000003
221,1740,-68.219999999999999,-54.810000000000002
222,3019,-68.219999999999999,-54.799999999999997
223,2014,-68.230000000000004,-55.240000000000002
224,2963,-68.230000000000004,-54.890000000000001
225,2072,-68.230000000000004,-54.850000000000001
226,2584,-68.230000000000004,-54.820000000000000
227,3027,-68.230000000000004,-54.799999999999997
228,2489,-68.230000000000004,-54.789999999999999
229,2982,-68.239999999999995,-54.880000000000003
230,2186,-68.239999999999995,-54.869999999999997
231,1964,-68.239999999999995,-54.820000000000000
232,3054,-68.239999999999995,-54.750000000000000
233,3336,-68.250000000000000,-54.840000000000003
234,2958,-68.250000000000000,-54.820000000000000
235,2591,-68.260000000000005,-54.829999999999998
236,2484,-68.260000000000005,-54.820000000000000
237,573,-68.260000000000005,-54.689999999999998
238,218,-68.269999999999996,-54.859999999999999
239,2154,-68.269999999999996,-54.829999999999998
240,2257,-68.269999999999996,-54.820000000000000
241,2262,-68.280000000000001,-54.820000000000000
242,2025,-68.280000000000001,-54.810000000000002
243,3335,-68.280000000000001,-54.799999999999997
244,2828,-68.290000000000006,-54.939999999999998
245,1370,-68.299999999999997,-54.810000000000002
246,3253,-68.299999999999997,-54.799999999999997
247,2040,-68.299999999999997,-54.609999999999999
248,2017,-68.310000000000002,-55.000000000000000
249,2242,-68.310000000000002,-54.909999999999997
250,2107,-68.310000000000002,-54.810000000000002
251,2223,-68.319999999999993,-54.930000000000000
252,3183,-68.319999999999993,-54.840000000000003
253,2554,-68.319999999999993,-54.829999999999998
254,2513,-68.319999999999993,-54.820000000000000
255,2533,-68.319999999999993,-54.810000000000002
256,521,-68.329999999999998,-54.990000000000002
257,1749,-68.349999999999994,-54.950000000000003
258,3028,-68.349999999999994,-54.840000000000003
259,3298,-68.359999999999999,-54.859999999999999
260,2534,-68.359999999999999,-54.840000000000003
261,2498,-68.370000000000005,-54.920000000000002
262,1919,-68.379999999999995,-54.890000000000001
263,2893,-68.379999999999995,-54.880000000000003
264,2486,-68.420000000000002,-54.869999999999997
265,2597,-68.469999999999999,-54.820000000000000
266,2984,-68.480000000000004,-54.899999999999999
267,2582,-68.480000000000004,-54.850000000000001
268,2497,-68.489999999999995,-54.920000000000002
269,2881,-68.519999999999996,-54.899999999999999
270,2417,-68.530000000000001,-54.859999999999999
271,2945,-68.549999999999997,-54.899999999999999
272,2191,-68.560000000000002,-54.850000000000001
273,2126,-68.560000000000002,-54.840000000000003
274,2583,-68.569999999999993,-54.899999999999999
275,2441,-68.569999999999993,-54.859999999999999
276,2187,-68.569999999999993,-54.850000000000001
277,2075,-68.579999999999998,-54.840000000000003
278,3281,-68.599999999999994,-54.909999999999997
279,2232,-68.680000000000007,-54.880000000000003
280,3061,-68.719999999999999,-56.479999999999997
281,2871,-68.719999999999999,-54.930000000000000
282,2195,-68.819999999999993,-54.840000000000003
283,31,-68.840000000000003,-54.969999999999999
284,2933,-68.909999999999997,-54.969999999999999
285,2567,-68.920000000000002,-54.969999999999999
286,2557,-68.959999999999994,-54.969999999999999
287,2947,-68.969999999999999,-54.979999999999997
288,2496,-68.989999999999995,-54.869999999999997
289,2435,-69.019999999999996,-54.460000000000001
290,1918,-69.019999999999996,-54.450000000000003
291,3225,-69.040000000000006,-54.990000000000002
292,3269,-69.069999999999993,-54.979999999999997
293,3056,-69.109999999999999,-54.979999999999997
294,2870,-69.109999999999999,-54.969999999999999
295,2934,-69.170000000000002,-54.950000000000003
296,1939,-69.180000000000007,-54.460000000000001
297,1940,-69.209999999999994,-54.450000000000003
298,1917,-69.250000000000000,-54.390000000000001
299,2251,-69.299999999999997,-54.570000000000000
300,3254,-69.310000000000002,-53.479999999999997
301,2757,-69.310000000000002,-53.460000000000001
302,2021,-69.420000000000002,-55.030000000000001
303,3293,-69.480000000000004,-54.310000000000002
304,3270,-69.489999999999995,-54.890000000000001
305,2867,-69.530000000000001,-54.890000000000001
306,1958,-69.599999999999994,-54.869999999999997
307,2503,-69.599999999999994,-54.780000000000001
308,2900,-69.609999999999999,-54.719999999999999
309,1938,-69.620000000000005,-54.409999999999997
310,3156,-69.629999999999995,-54.409999999999997
311,1942,-69.629999999999995,-54.390000000000001
312,1944,-69.650000000000006,-54.299999999999997
313,1943,-69.659999999999997,-54.310000000000002
314,3287,-69.680000000000007,-54.859999999999999
315,1946,-69.819999999999993,-54.479999999999997
316,1941,-69.840000000000003,-54.420000000000002
317,1945,-69.870000000000005,-54.289999999999999
318,2535,-69.930000000000007,-54.240000000000002
319,2460,-69.980000000000004,-54.750000000000000
320,2839,-70.019999999999996,-54.880000000000003
321,2526,-70.099999999999994,-54.159999999999997
322,1237,-70.140000000000001,-53.890000000000001
323,2541,-70.159999999999997,-53.890000000000001
324,1936,-70.209999999999994,-54.289999999999999
325,1905,-70.219999999999999,-54.969999999999999
326,1933,-70.260000000000005,-54.180000000000000
327,3074,-70.280000000000001,-54.509999999999998
328,3242,-70.280000000000001,-53.810000000000002
329,2150,-70.290000000000006,-54.899999999999999
330,2536,-70.290000000000006,-54.159999999999997
331,2189,-70.299999999999997,-54.159999999999997
332,2722,-70.329999999999998,-53.680000000000000
333,2814,-70.370000000000005,-53.299999999999997
334,2604,-70.430000000000007,-54.479999999999997
335,2559,-70.599999999999994,-54.930000000000000
336,2563,-70.629999999999995,-54.930000000000000
337,2817,-70.650000000000006,-54.210000000000001
338,2741,-70.659999999999997,-53.210000000000001
339,3277,-70.659999999999997,-52.979999999999997
340,1547,-70.680000000000007,-53.229999999999997
341,3272,-70.680000000000007,-52.969999999999999
342,1911,-70.689999999999998,-53.049999999999997
343,1739,-70.689999999999998,-52.969999999999999
344,3170,-70.700000000000003,-52.960000000000001
345,2794,-70.700000000000003,-52.950000000000003
346,1910,-70.709999999999994,-54.299999999999997
347,3229,-70.709999999999994,-53.009999999999998
348,2781,-70.709999999999994,-52.950000000000003
349,2778,-70.719999999999999,-53.189999999999998
350,3337,-70.719999999999999,-52.939999999999998
351,1520,-70.730000000000004,-53.250000000000000
352,2103,-70.730000000000004,-53.189999999999998
353,2540,-70.760000000000005,-53.070000000000000
354,3052,-70.769999999999996,-53.170000000000002
355,3228,-70.780000000000001,-53.049999999999997
356,1878,-70.799999999999997,-53.149999999999999
357,2798,-70.819999999999993,-52.979999999999997
358,2442,-70.829999999999998,-53.619999999999997
359,1240,-70.829999999999998,-53.030000000000001
360,2779,-70.840000000000003,-53.130000000000003
361,2199,-70.849999999999994,-53.640000000000001
362,2452,-70.849999999999994,-53.119999999999997
363,2795,-70.849999999999994,-53.060000000000002
364,1635,-70.859999999999999,-53.289999999999999
365,1363,-70.859999999999999,-53.130000000000003
366,1516,-70.859999999999999,-53.119999999999997
367,2155,-70.859999999999999,-53.079999999999998
368,2077,-70.859999999999999,-53.060000000000002
369,3271,-70.870000000000005,-53.100000000000001
370,1510,-70.879999999999995,-53.140000000000001
371,2864,-70.879999999999995,-53.130000000000003
372,2247,-70.879999999999995,-53.119999999999997
373,2531,-70.879999999999995,-53.109999999999999
374,1904,-70.890000000000001,-53.180000000000000
375,1735,-70.890000000000001,-53.159999999999997
376,2449,-70.900000000000006,-53.170000000000002
377,2892,-70.900000000000006,-53.159999999999997
378,1669,-70.909999999999997,-53.630000000000003
379,3070,-70.909999999999997,-53.170000000000002
380,3003,-70.920000000000002,-54.869999999999997
381,2098,-70.920000000000002,-54.259999999999998
382,2067,-70.920000000000002,-53.750000000000000
383,1535,-70.920000000000002,-53.180000000000000
384,2068,-70.930000000000007,-53.590000000000003
385,2527,-70.930000000000007,-53.579999999999998
386,1952,-70.939999999999998,-53.570000000000000
387,2076,-70.939999999999998,-53.549999999999997
388,2785,-70.939999999999998,-53.299999999999997
389,2292,-70.939999999999998,-53.270000000000003
390,2363,-70.939999999999998,-53.219999999999999
391,2281,-70.939999999999998,-53.200000000000003
392,2784,-70.950000000000003,-53.329999999999998
393,2343,-70.950000000000003,-53.259999999999998
394,1258,-70.950000000000003,-53.210000000000001
395,1920,-70.959999999999994,-54.109999999999999
396,1935,-70.959999999999994,-53.729999999999997
397,3088,-70.959999999999994,-53.609999999999999
398,1623,-70.959999999999994,-53.369999999999997
399,1527,-70.959999999999994,-53.340000000000003
400,1925,-70.969999999999999,-54.109999999999999
401,2446,-70.969999999999999,-53.759999999999998
402,1813,-70.980000000000004,-53.780000000000001
403,1812,-71.010000000000005,-53.810000000000002
404,3075,-71.069999999999993,-53.829999999999998
405,1934,-71.069999999999993,-53.820000000000000
406,3073,-71.079999999999998,-53.829999999999998
407,3234,-71.099999999999994,-54.000000000000000
408,2562,-71.150000000000006,-53.880000000000003
409,1811,-71.150000000000006,-53.859999999999999
410,2850,-71.170000000000002,-53.880000000000003
411,2847,-71.180000000000007,-53.880000000000003
412,3188,-71.250000000000000,-54.750000000000000
413,2680,-71.299999999999997,-29.930000000000000
414,3093,-71.349999999999994,-29.969999999999999
415,2846,-71.439999999999998,-53.869999999999997
416,2816,-71.450000000000003,-53.859999999999999
417,2502,-71.459999999999994,-32.579999999999998
418,2525,-71.489999999999995,-54.689999999999998
419,1766,-71.519999999999996,-32.780000000000001
420,3090,-71.519999999999996,-32.770000000000003
421,1741,-71.530000000000001,-32.770000000000003
422,3092,-71.569999999999993,-32.759999999999998
423,519,-71.569999999999993,-29.039999999999999
424,1725,-71.579999999999998,-32.770000000000003
425,3103,-71.609999999999999,-33.030000000000001
426,1777,-71.620000000000005,-33.039999999999999
427,3091,-71.620000000000005,-32.759999999999998
428,2398,-71.629999999999995,-33.039999999999999
429,1135,-71.629999999999995,-33.020000000000003
430,1817,-71.629999999999995,-30.250000000000000
431,2287,-71.650000000000006,-33.340000000000003
432,1743,-71.680000000000007,-33.030000000000001
433,2608,-71.739999999999995,-53.829999999999998
434,2063,-71.750000000000000,-53.789999999999999
435,2683,-71.780000000000001,-32.969999999999999
436,2845,-71.799999999999997,-53.780000000000001
437,1996,-71.829999999999998,-54.590000000000003
438,1179,-71.849999999999994,-33.939999999999998
439,1731,-71.950000000000003,-33.000000000000000
440,2844,-72.069999999999993,-53.710000000000001
441,2856,-72.099999999999994,-54.530000000000001
442,1538,-72.109999999999999,-53.740000000000002
443,1384,-72.109999999999999,-53.729999999999997
444,2810,-72.140000000000001,-53.799999999999997
445,2805,-72.150000000000006,-53.789999999999999
446,3072,-72.180000000000007,-53.829999999999998
447,2848,-72.189999999999998,-53.700000000000003
448,2843,-72.189999999999998,-53.670000000000002
449,2507,-72.200000000000003,-53.859999999999999
450,2804,-72.200000000000003,-53.659999999999997
451,2064,-72.209999999999994,-53.659999999999997
452,2083,-72.209999999999994,-53.649999999999999
453,2812,-72.239999999999995,-53.859999999999999
454,883,-72.239999999999995,-53.680000000000000
455,2849,-72.239999999999995,-53.659999999999997
456,2842,-72.250000000000000,-53.670000000000002
457,2066,-72.250000000000000,-53.659999999999997
458,1261,-72.260000000000005,-53.659999999999997
459,2811,-72.269999999999996,-53.859999999999999
460,1361,-72.269999999999996,-53.670000000000002
461,2806,-72.299999999999997,-53.859999999999999
462,2097,-72.319999999999993,-53.579999999999998
463,2065,-72.329999999999998,-53.579999999999998
464,466,-72.390000000000001,-53.640000000000001
465,2117,-72.390000000000001,-53.539999999999999
466,3214,-72.450000000000003,-42.009999999999998
467,2808,-72.459999999999994,-54.119999999999997
468,2172,-72.459999999999994,-41.969999999999999
469,2813,-72.469999999999999,-54.130000000000003
470,1860,-72.469999999999999,-41.969999999999999
471,2116,-72.480000000000004,-53.350000000000001
472,1682,-72.480000000000004,-42.210000000000001
473,2110,-72.480000000000004,-41.969999999999999
474,2218,-72.489999999999995,-41.969999999999999
475,2213,-72.500000000000000,-53.430000000000000
476,2859,-72.500000000000000,-51.740000000000002
477,3219,-72.500000000000000,-42.579999999999998
478,2456,-72.510000000000005,-51.719999999999999
479,2980,-72.530000000000001,-51.700000000000003
480,2523,-72.540000000000006,-42.049999999999997
481,2099,-72.560000000000002,-53.549999999999997
482,2932,-72.560000000000002,-44.509999999999998
483,3008,-72.569999999999993,-44.500000000000000
484,3005,-72.569999999999993,-44.329999999999998
485,2800,-72.569999999999993,-42.549999999999997
486,3006,-72.599999999999994,-44.380000000000003
487,2519,-72.599999999999994,-42.560000000000002
488,1215,-72.609999999999999,-42.549999999999997
489,2852,-72.620000000000005,-42.549999999999997
490,2877,-72.640000000000001,-42.090000000000003
491,2721,-72.640000000000001,-41.689999999999998
492,33,-72.650000000000006,-41.719999999999999
493,1243,-72.650000000000006,-41.710000000000001
494,1963,-72.659999999999997,-42.479999999999997
495,2219,-72.670000000000002,-44.560000000000002
496,2985,-72.680000000000007,-44.729999999999997
497,2590,-72.689999999999998,-44.729999999999997
498,1225,-72.689999999999998,-44.630000000000003
499,1386,-72.689999999999998,-42.149999999999999
500,1852,-72.689999999999998,-41.719999999999999
501,3185,-72.700000000000003,-53.490000000000002
502,1249,-72.700000000000003,-44.700000000000003
503,2522,-72.700000000000003,-42.170000000000002
504,2878,-72.700000000000003,-42.159999999999997
505,1849,-72.700000000000003,-41.590000000000003
506,2365,-72.709999999999994,-42.149999999999999
507,2293,-72.709999999999994,-42.130000000000003
508,1717,-72.719999999999999,-44.740000000000002
509,1366,-72.719999999999999,-44.670000000000002
510,1242,-72.719999999999999,-44.659999999999997
511,2506,-72.719999999999999,-42.920000000000002
512,1771,-72.719999999999999,-42.909999999999997
513,1851,-72.719999999999999,-42.399999999999999
514,2977,-72.719999999999999,-41.579999999999998
515,1365,-72.730000000000004,-42.479999999999997
516,2265,-72.730000000000004,-42.439999999999998
517,2919,-72.739999999999995,-44.630000000000003
518,2520,-72.739999999999995,-42.430000000000000
519,1977,-72.760000000000005,-42.899999999999999
520,1857,-72.760000000000005,-42.460000000000001
521,1385,-72.780000000000001,-42.359999999999999
522,2089,-72.790000000000006,-42.320000000000000
523,2857,-72.799999999999997,-41.939999999999998
524,2512,-72.810000000000002,-42.689999999999998
525,1163,-72.810000000000002,-36.100000000000001
526,2216,-72.819999999999993,-45.460000000000001
527,3218,-72.819999999999993,-45.439999999999998
528,1823,-72.819999999999993,-42.850000000000001
529,2342,-72.819999999999993,-42.430000000000000
530,2088,-72.819999999999993,-42.340000000000003
531,1537,-72.819999999999993,-41.640000000000001
532,3215,-72.829999999999998,-42.829999999999998
533,2621,-72.829999999999998,-42.329999999999998
534,2264,-72.829999999999998,-42.250000000000000
535,2086,-72.840000000000003,-42.859999999999999
536,2511,-72.840000000000003,-42.740000000000002
537,2619,-72.840000000000003,-42.439999999999998
538,2427,-72.840000000000003,-42.200000000000003
539,1838,-72.840000000000003,-41.630000000000003
540,1253,-72.840000000000003,-41.500000000000000
541,2674,-72.849999999999994,-42.869999999999997
542,2208,-72.849999999999994,-42.840000000000003
543,2062,-72.849999999999994,-42.380000000000003
544,2858,-72.849999999999994,-41.899999999999999
545,2917,-72.859999999999999,-44.409999999999997
546,2521,-72.859999999999999,-42.299999999999997
547,2672,-72.859999999999999,-41.509999999999998
548,1707,-72.859999999999999,-41.500000000000000
549,1178,-72.870000000000005,-42.890000000000001
550,2618,-72.870000000000005,-42.770000000000003
551,2087,-72.870000000000005,-42.420000000000002
552,2209,-72.870000000000005,-42.090000000000003
553,2091,-72.870000000000005,-41.840000000000003
554,2115,-72.870000000000005,-41.829999999999998
555,2092,-72.870000000000005,-41.770000000000003
556,1824,-72.879999999999995,-42.700000000000003
557,2620,-72.879999999999995,-42.170000000000002
558,2080,-72.879999999999995,-41.570000000000000
559,2617,-72.890000000000001,-42.609999999999999
560,1680,-72.890000000000001,-41.880000000000003
561,2308,-72.890000000000001,-41.500000000000000
562,2654,-72.890000000000001,-41.490000000000002
563,2717,-72.900000000000006,-42.600000000000001
564,2622,-72.900000000000006,-41.990000000000002
565,3330,-72.900000000000006,-41.600000000000001
566,1709,-72.900000000000006,-41.490000000000002
567,2279,-72.909999999999997,-44.810000000000002
568,2090,-72.909999999999997,-42.079999999999998
569,3290,-72.909999999999997,-41.789999999999999
570,2108,-72.909999999999997,-41.770000000000003
571,2178,-72.909999999999997,-41.700000000000003
572,3069,-72.909999999999997,-41.490000000000002
573,1646,-72.920000000000002,-43.609999999999999
574,2516,-72.920000000000002,-41.530000000000001
575,1744,-72.930000000000007,-44.789999999999999
576,2396,-72.930000000000007,-43.789999999999999
577,1175,-72.930000000000007,-42.630000000000003
578,1214,-72.930000000000007,-41.549999999999997
579,3283,-72.930000000000007,-41.520000000000003
580,3237,-72.930000000000007,-41.490000000000002
581,3096,-72.930000000000007,-41.469999999999999
582,2514,-72.939999999999998,-42.640000000000001
583,2515,-72.939999999999998,-42.630000000000003
584,2950,-72.939999999999998,-41.479999999999997
585,2052,-72.939999999999998,-41.469999999999999
586,1922,-72.950000000000003,-51.890000000000001
587,2395,-72.950000000000003,-43.780000000000001
588,2910,-72.950000000000003,-43.770000000000003
589,1352,-72.950000000000003,-43.759999999999998
590,2181,-72.950000000000003,-41.700000000000003
591,2566,-72.950000000000003,-41.479999999999997
592,3007,-72.959999999999994,-43.759999999999998
593,2975,-72.959999999999994,-41.490000000000002
594,2553,-72.969999999999999,-53.380000000000003
595,1915,-72.969999999999999,-52.049999999999997
596,1837,-72.969999999999999,-41.869999999999997
597,2180,-72.969999999999999,-41.729999999999997
598,1793,-72.969999999999999,-41.500000000000000
599,2807,-72.980000000000004,-54.469999999999999
600,1647,-72.980000000000004,-43.780000000000001
601,2182,-72.980000000000004,-41.649999999999999
602,2915,-72.989999999999995,-43.649999999999999
603,3017,-72.989999999999995,-41.570000000000000
604,2074,-73.000000000000000,-41.539999999999999
605,2914,-73.010000000000005,-43.649999999999999
606,2176,-73.010000000000005,-41.539999999999999
607,2943,-73.019999999999996,-45.399999999999999
608,1629,-73.019999999999996,-42.600000000000001
609,2809,-73.030000000000001,-54.490000000000002
610,2049,-73.030000000000001,-44.789999999999999
611,2916,-73.030000000000001,-43.759999999999998
612,2911,-73.030000000000001,-43.750000000000000
613,2913,-73.030000000000001,-43.700000000000003
614,1660,-73.030000000000001,-41.619999999999997
615,2327,-73.030000000000001,-41.509999999999998
616,188,-73.040000000000006,-43.770000000000003
617,2912,-73.040000000000006,-43.710000000000001
618,1901,-73.049999999999997,-43.780000000000001
619,2179,-73.060000000000002,-41.649999999999999
620,1650,-73.079999999999998,-42.710000000000001
621,1714,-73.079999999999998,-41.579999999999998
622,2340,-73.079999999999998,-36.729999999999997
623,2273,-73.090000000000003,-45.350000000000001
624,1645,-73.090000000000003,-43.939999999999998
625,2171,-73.090000000000003,-41.770000000000003
626,3095,-73.090000000000003,-41.729999999999997
627,2344,-73.090000000000003,-36.729999999999997
628,2547,-73.099999999999994,-43.960000000000001
629,1618,-73.099999999999994,-42.680000000000000
630,2896,-73.120000000000005,-41.770000000000003
631,2505,-73.140000000000001,-43.039999999999999
632,3226,-73.140000000000001,-41.799999999999997
633,1855,-73.159999999999997,-41.810000000000002
634,2723,-73.170000000000002,-36.770000000000003
635,2724,-73.180000000000007,-36.780000000000001
636,2675,-73.189999999999998,-44.250000000000000
637,2925,-73.189999999999998,-41.789999999999999
638,2686,-73.189999999999998,-36.770000000000003
639,1850,-73.189999999999998,-36.750000000000000
640,2278,-73.209999999999994,-36.780000000000001
641,2139,-73.209999999999994,-36.770000000000003
642,2333,-73.230000000000004,-42.850000000000001
643,2786,-73.230000000000004,-36.789999999999999
644,2508,-73.239999999999995,-41.799999999999997
645,1354,-73.239999999999995,-41.770000000000003
646,1355,-73.250000000000000,-41.759999999999998
647,2455,-73.250000000000000,-39.170000000000002
648,3107,-73.260000000000005,-45.250000000000000
649,2922,-73.260000000000005,-44.259999999999998
650,1651,-73.260000000000005,-39.460000000000001
651,214,-73.260000000000005,-39.450000000000003
652,2920,-73.269999999999996,-44.229999999999997
653,3196,-73.269999999999996,-42.310000000000002
654,190,-73.269999999999996,-39.450000000000003
655,1353,-73.290000000000006,-41.810000000000002
656,1649,-73.299999999999997,-42.609999999999999
657,2592,-73.329999999999998,-44.810000000000002
658,2332,-73.329999999999998,-43.060000000000002
659,3230,-73.329999999999998,-41.840000000000003
660,2869,-73.349999999999994,-45.359999999999999
661,3231,-73.349999999999994,-41.829999999999998
662,2170,-73.349999999999994,-41.810000000000002
663,3181,-73.349999999999994,-36.609999999999999
664,1844,-73.359999999999999,-42.680000000000000
665,2924,-73.359999999999999,-41.789999999999999
666,3109,-73.359999999999999,-37.109999999999999
667,2421,-73.379999999999995,-44.229999999999997
668,1826,-73.390000000000001,-42.960000000000001
669,3067,-73.390000000000001,-42.140000000000001
670,2351,-73.390000000000001,-39.740000000000002
671,2373,-73.400000000000006,-43.350000000000001
672,2362,-73.400000000000006,-42.469999999999999
673,1256,-73.400000000000006,-39.880000000000003
674,1652,-73.400000000000006,-39.869999999999997
675,3210,-73.400000000000006,-39.850000000000001
676,2348,-73.400000000000006,-39.729999999999997
677,1239,-73.400000000000006,-39.719999999999999
678,1504,-73.409999999999997,-39.890000000000001
679,1815,-73.409999999999997,-39.719999999999999
680,1841,-73.420000000000002,-45.359999999999999
681,2907,-73.430000000000007,-42.930000000000000
682,3089,-73.430000000000007,-42.920000000000002
683,2271,-73.430000000000007,-42.539999999999999
684,2274,-73.439999999999998,-45.189999999999998
685,2355,-73.469999999999999,-43.850000000000001
686,3125,-73.469999999999999,-43.840000000000003
687,2979,-73.469999999999999,-43.469999999999999
688,1825,-73.469999999999999,-41.799999999999997
689,1627,-73.480000000000004,-42.899999999999999
690,518,-73.480000000000004,-42.710000000000001
691,2921,-73.480000000000004,-42.159999999999997
692,3255,-73.480000000000004,-41.810000000000002
693,598,-73.480000000000004,-41.799999999999997
694,2716,-73.489999999999995,-42.920000000000002
695,2974,-73.489999999999995,-41.890000000000001
696,1657,-73.489999999999995,-41.820000000000000
697,34,-73.489999999999995,-41.810000000000002
698,2539,-73.500000000000000,-42.890000000000001
699,1999,-73.500000000000000,-41.820000000000000
700,2184,-73.500000000000000,-41.810000000000002
701,3286,-73.510000000000005,-44.770000000000003
702,1250,-73.510000000000005,-43.479999999999997
703,1190,-73.510000000000005,-41.820000000000000
704,2953,-73.510000000000005,-37.030000000000001
705,1262,-73.519999999999996,-45.149999999999999
706,1832,-73.519999999999996,-42.899999999999999
707,2157,-73.519999999999996,-41.829999999999998
708,360,-73.519999999999996,-41.780000000000001
709,2361,-73.530000000000001,-45.219999999999999
710,2345,-73.530000000000001,-39.920000000000002
711,1853,-73.530000000000001,-39.840000000000003
712,2718,-73.540000000000006,-45.619999999999997
713,2457,-73.540000000000006,-44.890000000000001
714,2725,-73.560000000000002,-42.520000000000003
715,1985,-73.569999999999993,-43.140000000000001
716,1202,-73.569999999999993,-37.149999999999999
717,3078,-73.579999999999998,-43.990000000000002
718,599,-73.579999999999998,-42.909999999999997
719,2203,-73.579999999999998,-41.609999999999999
720,2212,-73.590000000000003,-52.840000000000003
721,2226,-73.590000000000003,-43.560000000000002
722,3001,-73.590000000000003,-43.119999999999997
723,498,-73.590000000000003,-42.920000000000002
724,306,-73.590000000000003,-42.909999999999997
725,1839,-73.590000000000003,-41.619999999999997
726,2967,-73.599999999999994,-42.530000000000001
727,2626,-73.599999999999994,-41.609999999999999
728,3259,-73.609999999999999,-43.049999999999997
729,81,-73.609999999999999,-42.710000000000001
730,3190,-73.609999999999999,-41.820000000000000
731,1227,-73.620000000000005,-45.140000000000001
732,2272,-73.620000000000005,-42.469999999999999
733,3279,-73.620000000000005,-41.829999999999998
734,3048,-73.620000000000005,-39.960000000000001
735,3331,-73.620000000000005,-39.950000000000003
736,2096,-73.629999999999995,-44.180000000000000
737,1659,-73.629999999999995,-43.119999999999997
738,3294,-73.629999999999995,-42.509999999999998
739,2995,-73.629999999999995,-41.829999999999998
740,3209,-73.629999999999995,-41.820000000000000
741,2079,-73.629999999999995,-41.600000000000001
742,1238,-73.640000000000001,-44.479999999999997
743,2756,-73.640000000000001,-41.810000000000002
744,509,-73.640000000000001,-39.960000000000001
745,2987,-73.650000000000006,-43.219999999999999
746,1644,-73.659999999999997,-45.299999999999997
747,2346,-73.659999999999997,-45.210000000000001
748,2930,-73.659999999999997,-42.460000000000001
749,2898,-73.659999999999997,-42.390000000000001
750,2614,-73.659999999999997,-41.590000000000003
751,3000,-73.670000000000002,-43.250000000000000
752,2936,-73.670000000000002,-41.590000000000003
753,3205,-73.680000000000007,-42.469999999999999
754,2610,-73.680000000000007,-41.579999999999998
755,1997,-73.689999999999998,-41.810000000000002
756,2204,-73.700000000000003,-50.939999999999998
757,2593,-73.709999999999994,-41.829999999999998
758,3057,-73.719999999999999,-50.630000000000003
759,2260,-73.719999999999999,-43.899999999999999
760,2173,-73.719999999999999,-40.549999999999997
761,1349,-73.719999999999999,-40.539999999999999
762,2581,-73.730000000000004,-43.130000000000003
763,497,-73.730000000000004,-42.649999999999999
764,2949,-73.730000000000004,-42.579999999999998
765,3212,-73.750000000000000,-45.399999999999999
766,2149,-73.750000000000000,-43.899999999999999
767,2948,-73.750000000000000,-42.479999999999997
768,3085,-73.760000000000005,-43.979999999999997
769,2207,-73.760000000000005,-42.579999999999998
770,3197,-73.760000000000005,-42.539999999999999
771,2906,-73.760000000000005,-42.479999999999997
772,2224,-73.760000000000005,-42.469999999999999
773,2227,-73.760000000000005,-42.439999999999998
774,3084,-73.769999999999996,-44.000000000000000
775,2938,-73.769999999999996,-42.479999999999997
776,1859,-73.780000000000001,-46.420000000000002
777,2367,-73.780000000000001,-44.039999999999999
778,3083,-73.790000000000006,-44.020000000000003
779,3153,-73.790000000000006,-41.880000000000003
780,2909,-73.799999999999997,-44.969999999999999
781,2291,-73.799999999999997,-43.920000000000002
782,2426,-73.799999999999997,-42.539999999999999
783,2225,-73.799999999999997,-41.869999999999997
784,2002,-73.799999999999997,-39.789999999999999
785,2104,-73.810000000000002,-44.250000000000000
786,1854,-73.810000000000002,-39.939999999999998
787,1525,-73.819999999999993,-45.670000000000002
788,2093,-73.819999999999993,-44.240000000000002
789,2595,-73.819999999999993,-43.909999999999997
790,3082,-73.829999999999998,-44.090000000000003
791,2439,-73.829999999999998,-41.859999999999999
792,2113,-73.840000000000003,-40.770000000000003
793,1795,-73.849999999999994,-46.680000000000000
794,2118,-73.849999999999994,-40.750000000000000
795,2256,-73.849999999999994,-40.469999999999999
796,2266,-73.879999999999995,-41.750000000000000
797,1810,-73.890000000000001,-46.520000000000003
798,2391,-73.900000000000006,-44.340000000000003
799,3274,-73.909999999999997,-38.359999999999999
800,2480,-73.920000000000002,-41.880000000000003
801,2450,-73.930000000000007,-38.409999999999997
802,2954,-73.939999999999998,-42.090000000000003
803,2268,-73.939999999999998,-41.840000000000003
804,2609,-73.969999999999999,-49.259999999999998
805,2978,-73.989999999999995,-41.880000000000003
806,3066,-74.019999999999996,-45.009999999999998
807,2793,-74.030000000000001,-45.420000000000002
808,2048,-74.030000000000001,-42.070000000000000
809,3266,-74.030000000000001,-42.020000000000003
810,2959,-74.030000000000001,-41.950000000000003
811,2220,-74.030000000000001,-41.930000000000000
812,1995,-74.040000000000006,-42.109999999999999
813,2981,-74.040000000000006,-41.990000000000002
814,35,-74.040000000000006,-41.930000000000000
815,21,-74.040000000000006,-41.920000000000002
816,2983,-74.040000000000006,-41.899999999999999
817,2168,-74.049999999999997,-51.409999999999997
818,3280,-74.049999999999997,-42.000000000000000
819,3265,-74.049999999999997,-41.990000000000002
820,2891,-74.049999999999997,-41.930000000000000
821,3285,-74.049999999999997,-37.500000000000000
822,2968,-74.060000000000002,-42.100000000000001
823,3081,-74.079999999999998,-44.159999999999997
824,3268,-74.090000000000003,-50.810000000000002
825,3282,-74.099999999999994,-50.799999999999997
826,2197,-74.109999999999999,-51.350000000000001
827,2134,-74.109999999999999,-42.619999999999997
828,187,-74.120000000000005,-42.619999999999997
829,2602,-74.129999999999995,-45.380000000000003
830,2467,-74.150000000000006,-42.200000000000003
831,2669,-74.170000000000002,-45.420000000000002
832,3199,-74.170000000000002,-44.590000000000003
833,2481,-74.170000000000002,-42.530000000000001
834,1521,-74.180000000000007,-45.619999999999997
835,3260,-74.180000000000007,-37.979999999999997
836,3108,-74.200000000000003,-45.490000000000002
837,2594,-74.230000000000004,-44.310000000000002
838,2715,-74.250000000000000,-43.340000000000003
839,3284,-74.329999999999998,-38.299999999999997
840,3261,-74.340000000000003,-38.270000000000003
841,2569,-74.379999999999995,-49.270000000000003
842,1522,-74.400000000000006,-44.899999999999999
843,3055,-74.530000000000001,-45.039999999999999
844,2976,-74.540000000000006,-44.719999999999999
845,3200,-74.560000000000002,-45.820000000000000
846,2599,-74.579999999999998,-45.810000000000002
847,2663,-74.599999999999994,-50.700000000000003
848,1536,-74.750000000000000,-45.810000000000002
849,3037,-75.000000000000000,-47.280000000000001
850,2317,-75.060000000000002,-47.700000000000003
851,3154,-75.230000000000004,-46.820000000000000
852,2169,-75.239999999999995,-51.719999999999999
853,2667,-75.329999999999998,-50.359999999999999
854,3155,-75.329999999999998,-46.719999999999999
855,2665,-75.340000000000003,-50.369999999999997
856,2664,-75.340000000000003,-50.359999999999999
857,2666,-75.349999999999994,-50.359999999999999
858,3201,-75.439999999999998,-46.090000000000003